000000000000000000000000000000000
000000000000000000000000000000000
000000000000000000000000000000000
000000000000000000000000000000000
000000000000000000000000000000000
000000000111111110000000000000000
000000001111111111100000000000000
000000011000000001110000000000000
000000110000000000000000000000000
000001100000000000000000000000000
000011000000000000000000000000000
000011000000000000000000000000000
000011000000000000000000000000000
000011000000000000000000000000000
000011000000000000000000000000000
000011000000000000000000000000000
000011000000000000000000000000000
000001100000000000000000000000000
000000110000000000000000000000000
000000011000000001110000000000000
000000001111111111100000000000000
000000000111111110000000000000000
000000000000000000000000000000000
000000000000000000000000000000000
000000000000000000000000000000000